Lambda	FCFS-FirstFit	FCFS-OverProvisioning	FCFS-MinFrag	EDF-FirstFit	EDF-OverProvisioning	EDF-MinFrag	GroupedEDF-FirstFit	GroupedEDF-OverProvisioning	GroupedEDF-MinFrag	EDFw/BF-FirstFit	EDFw/BF-OverProvisioning	EDFw/BF-MinFrag	GroupedEDFw/BF-FirstFit	GroupedEDFw/BF-OverProvisioning	GropuedEDFw/BF-MinFrag
0.5 22.86 0.3026 0.1986 0.2779 13513 0.5635 1.652 1 1.34 1.108
0.5 14.95 0.2868 0.1873 0.9075 8612 0.1376 1.652 1 1.34 1.083
0.5 15.1 0.2977 0.195 0.9485 8262 0.1671 1.652 1 1.34 1.045
0.5 22.91 0.3026 0.1986 0.2656 21288 0.562 1.652 1 1.34 1
0.5 11.26 0.267 0.1679 0.9158 9252 0.1708 1.652 1 1.34 1.119
0.5 15.21 0.2981 0.195 0.9559 12252 0.1623 1.652 1 1.34 1.044
0.5 21.65 0.2998 0.1958 0.2992 20301 0.5641 1.652 1 1.34 1.041
0.5 16.29 0.2055 0.1938 0.9055 6372 0.2133 1.652 1 1.34 1.049
0.5 15.66 0.3006 0.1966 0.9468 12584 0.1553 1.652 1 1.34 1.028
0.5 22.91 0.2832 0.1792 0.2656 16509 0.562 1.652 1 1.34 1
0.5 15.7 0.4737 0.1824 0.9175 11297 0.07915 1.652 1 1.34 1.008
0.5 14.8 0.4434 0.1679 0.7755 9375 0.4058 1.652 1 1.34 1.127
0.5 22.86 0.3026 0.1986 0.2779 13513 0.5635 1.652 1 1.34 1.108
0.5 18.03 0.2391 0.1954 0.852 8784 0.3359 1.652 1 1.34 1.781
0.5 15.56 0.2961 0.1958 0.9021 9510 0.2026 1.652 1 1.34 1.054
0.6 21.83 0.3003 0.1991 0.3058 15594 0.433 1.402 1 1.34 1.126
0.6 6.702 0.221 0.1422 0.8921 3640 0.2473 1.402 1 1.34 1.371
0.6 1.281 0.01829 0.01463 0.5646 13 0.8255 1.402 1 1.34 2.334
0.6 22.16 0.3035 0.1991 0.3035 21239 0.4205 1.402 1 1.34 1
0.6 1.796 0.0963 0.06258 0.7535 368 0.602 1.402 1 1.34 1.84
0.6 1.277 0.01219 0.01138 0.5588 9 0.8154 1.402 1 1.34 2.308
0.6 21.36 0.3011 0.1967 0.2668 21121 0.4677 1.402 1 1.34 1.036
0.6 14.49 0.2113 0.195 0.9241 6040 0.1785 1.402 1 1.34 1.024
0.6 13.42 0.297 0.1967 0.9608 11020 0.1486 1.402 1 1.34 1.027
0.6 21.99 0.2686 0.1751 0.3034 12908 0.4443 1.402 1 1.34 1.123
0.6 14.4 0.362 0.1845 0.9198 10186 0.08521 1.402 1 1.34 1.029
0.6 12 0.3616 0.1747 0.8253 6779 0.3483 1.402 1 1.34 1.129
0.6 21.88 0.3003 0.1991 0.285 15882 0.4646 1.402 1 1.34 1.126
0.6 16.2 0.2345 0.1959 0.833 7674 0.2692 1.402 1 1.34 1.542
0.6 12.46 0.2844 0.1861 0.8832 7192 0.2648 1.402 1 1.34 1.108
0.7 20.49 0.2978 0.1991 0.3178 15940 0.3145 1.166 1 1.34 1.042
0.7 1.222 0.03698 0.03576 0.5573 19 0.6689 1.166 1 1.34 2.187
0.7 1.102 0.01747 0.01747 0.4961 1 0.7662 1.166 1 1.34 2.325
0.7 21.21 0.3035 0.1991 0.2878 21851 0.3205 1.166 1 1.34 1
0.7 3.896 0.1877 0.1207 0.809 3056 0.328 1.166 1 1.34 1.494
0.7 1.105 0.01707 0.01707 0.4945 1 0.7659 1.166 1 1.34 2.343
0.7 20.17 0.3019 0.1975 0.3009 21012 0.3306 1.166 1 1.34 1.021
0.7 11.6 0.2093 0.1938 0.9326 4477 0.1651 1.166 1 1.34 1.02
0.7 1.3 0.04063 0.0382 0.8078 14 0.6782 1.166 1 1.34 1.506
0.7 20.57 0.2458 0.1727 0.3207 11806 0.3241 1.166 1 1.34 1.135
0.7 12.86 0.395 0.1894 0.8793 8578 0.124 1.166 1 1.34 1.029
0.7 10.28 0.3299 0.1841 0.8707 5713 0.2617 1.166 1 1.34 1.071
0.7 20.74 0.2978 0.1991 0.3069 16182 0.3202 1.166 1 1.34 1.042
0.7 13.38 0.2722 0.1959 0.8717 7337 0.1174 1.166 1 1.34 1.179
0.7 10.88 0.2865 0.1938 0.8901 6214 0.2051 1.166 1 1.34 1.059
0.8 18.99 0.3027 0.1991 0.3729 12834 0.2388 1.036 1 1.34 1.055
0.8 1.052 0.03129 0.03048 0.4756 11 0.66 1.036 1 1.34 2.185
0.8 1.014 0.01625 0.01625 0.4666 0 0.724 1.04 1 1.34 2.256
0.8 20.53 0.3035 0.1991 0.2839 22168 0.2696 1.036 1 1.34 1
0.8 1.035 0.02926 0.02682 0.4731 17 0.6221 1.036 1 1.34 2.182
0.8 1.014 0.01625 0.01625 0.4666 0 0.724 1.04 1 1.34 2.256
0.8 18.18 0.3019 0.1975 0.3709 19694 0.2454 1.036 1 1.34 1.024
0.8 10.6 0.2052 0.195 0.908 4238 0.1406 1.036 1 1.34 1.022
0.8 1.225 0.04023 0.03779 0.812 12 0.5998 1.036 1 1.34 1.403
0.8 19.71 0.2824 0.1747 0.3361 13966 0.3135 1.036 1 1.34 1.102
0.8 5.95 0.2556 0.1512 0.852 3971 0.2041 1.036 1 1.34 1.245
0.8 1 0.02032 0.02032 0.4696 7 0.7016 1.036 1 1.34 2.221
0.8 20.46 0.3019 0.1991 0.2784 17485 0.2889 1.036 1 1.34 1.019
0.8 9.351 0.245 0.1764 0.8427 4748 0.1946 1.036 1 1.34 1.285
0.8 1.002 0.0126 0.0126 0.4625 5 0.7148 1.043 1 1.34 2.228
0.9 17.6 0.3011 0.1991 0.378 14436 0.2219 0.9314 1 1.34 1.019
0.9 0.9309 0.02519 0.02397 0.4213 14 0.5982 0.9314 1 1.34 2.213
0.9 0.8869 0.01747 0.01747 0.4095 0 0.645 0.9314 1 1.34 2.211
0.9 19.6 0.3035 0.1991 0.3173 21673 0.2219 0.9314 1 1.34 1
0.9 3.006 0.1971 0.128 0.7766 2801 0.2375 0.9314 1 1.34 1.443
0.9 0.8869 0.01747 0.01747 0.4095 0 0.645 0.9314 1 1.34 2.211
0.9 18.29 0.3035 0.1991 0.3497 20500 0.2314 0.9314 1 1.34 1.005
0.9 5.396 0.2101 0.169 0.9701 2554 0.1214 0.9314 1 1.34 1.007
0.9 1.095 0.03413 0.03413 0.7977 7 0.5977 0.9314 1 1.34 1.225
0.9 18.21 0.3027 0.1804 0.3909 12730 0.2445 0.9314 1 1.34 1.071
0.9 1.345 0.1065 0.06258 0.5529 574 0.4572 0.9314 1 1.34 1.86
0.9 0.8869 0.01747 0.01747 0.4095 0 0.645 0.9314 1 1.34 2.211
0.9 18.55 0.2991 0.1991 0.3517 14431 0.2425 0.9314 1 1.34 1.061
0.9 5.337 0.1877 0.1471 0.7574 2541 0.2864 0.9314 1 1.34 1.477
0.9 0.8869 0.01747 0.01747 0.4095 0 0.645 0.9314 1 1.34 2.211
1 15.63 0.2987 0.1991 0.4635 11342 0.1538 0.8213 1 1.34 1.037
1 0.8749 0.03291 0.03129 0.403 12 0.5422 0.8213 1 1.34 2.168
1 0.8316 0.01747 0.01747 0.39 0 0.557 0.8222 1 1.34 2.195
1 16.09 0.3035 0.1991 0.4505 18288 0.1677 0.8213 1 1.34 1
1 0.8509 0.02763 0.02641 0.3948 12 0.543 0.8221 1 1.34 2.148
1 0.8316 0.01747 0.01747 0.39 0 0.557 0.8222 1 1.34 2.195
1 13.05 0.2901 0.1898 0.498 15292 0.1793 0.8213 1 1.34 1.015
1 1.007 0.03048 0.03048 0.8916 9 0.3055 0.8213 1 1.34 1.014
1 0.9875 0.03332 0.03169 0.815 6 0.4668 0.8213 1 1.34 1.059
1 16.93 0.3157 0.1861 0.3929 13347 0.2358 0.8213 1 1.34 1.023
1 3.732 0.2727 0.1471 0.8116 2551 0.2649 0.8213 1 1.34 1.229
1 0.8316 0.01747 0.01747 0.39 0 0.557 0.8222 1 1.34 2.195
1 16.83 0.2991 0.1991 0.4006 12732 0.2056 0.8213 1 1.34 1.064
1 0.8765 0.03088 0.02966 0.41 13 0.5423 0.8213 1 1.34 2.089
1 0.8316 0.01747 0.01747 0.39 0 0.557 0.8222 1 1.34 2.195
1.1 13.27 0.3027 0.1991 0.5304 9426 0.1301 0.7547 1 1.34 1.015
1.1 0.7591 0.02397 0.02275 0.3584 10 0.5235 0.7586 1 1.34 2.155
1.1 0.7751 0.02194 0.02194 0.3803 0 0.4915 0.7567 1 1.34 2.118
1.1 13.14 0.3035 0.1991 0.5377 15569 0.1335 0.7547 1 1.34 1
1.1 0.7654 0.02601 0.02397 0.3588 10 0.5162 0.7547 1 1.34 2.15
1.1 0.7751 0.02194 0.02194 0.3803 0 0.4915 0.7567 1 1.34 2.118
1.1 6.004 0.2093 0.1312 0.5484 7121 0.2373 0.7547 1 1.34 1.096
1.1 0.928 0.02682 0.02682 0.8643 7 0.2851 0.7547 1 1.34 1.007
1.1 0.8986 0.02032 0.0195 0.82 4 0.4197 0.7547 1 1.34 1.01
1.1 14.37 0.3263 0.1938 0.4524 11836 0.203 0.7547 1 1.34 1.047
1.1 0.7785 0.03048 0.03048 0.3738 8 0.5117 0.7547 1 1.34 2.089
1.1 0.7747 0.02194 0.02194 0.3759 0 0.4952 0.7567 1 1.34 2.15
1.1 14.58 0.3019 0.1991 0.458 10585 0.1835 0.7547 1 1.34 1.075
1.1 0.7591 0.02397 0.02275 0.3584 10 0.5235 0.7586 1 1.34 2.155
1.1 0.7747 0.02194 0.02194 0.3759 0 0.4952 0.7567 1 1.34 2.15
1.2 10.36 0.297 0.1989 0.6024 7097 0.1069 0.6982 1 1.34 1.015
1.2 0.7179 0.02482 0.024 0.3391 10 0.4557 0.6982 1 1.34 2.151
1.2 0.7131 0.01749 0.01749 0.3597 0 0.471 0.6982 1 1.34 2.036
1.2 10.69 0.3035 0.1989 0.5904 13551 0.1137 0.6982 1 1.34 1
1.2 0.7265 0.02563 0.02482 0.3451 10 0.4597 0.6982 1 1.34 2.143
1.2 0.7131 0.01749 0.01749 0.3597 0 0.471 0.6982 1 1.34 2.036
1.2 8.864 0.2925 0.1896 0.6019 11918 0.1264 0.6982 1 1.34 1.011
1.2 0.853 0.01709 0.01709 0.8374 5 0.2833 0.6982 1 1.34 1.001
1.2 0.844 0.01546 0.01465 0.8088 3 0.3468 0.6997 1 1.34 1.004
1.2 12.42 0.3157 0.1888 0.5194 9413 0.1888 0.6982 1 1.34 1.046
1.2 0.7609 0.03173 0.03133 0.3608 8 0.4686 0.6982 1 1.34 2.108
1.2 0.7131 0.01749 0.01749 0.3597 0 0.471 0.6982 1 1.34 2.036
1.2 12.63 0.3011 0.1989 0.491 10016 0.1784 0.6982 1 1.34 1.012
1.2 0.7179 0.02482 0.024 0.3391 10 0.4557 0.6982 1 1.34 2.151
1.2 0.7131 0.01749 0.01749 0.3597 0 0.471 0.6982 1 1.34 2.036
1.3 7.587 0.3007 0.198 0.6487 5394 0.09909 0.635 1 1.34 1.024
1.3 0.6743 0.02526 0.02526 0.3201 7 0.4223 0.635 1 1.34 2.092
1.3 0.6649 0.01671 0.01671 0.3395 0 0.431 0.635 1 1.34 2.074
1.3 7.8 0.3036 0.1989 0.6441 11173 0.09647 0.635 1 1.34 1
1.3 0.6751 0.02526 0.02486 0.3214 7 0.4268 0.635 1 1.34 2.079
1.3 0.6649 0.01671 0.01671 0.3395 0 0.431 0.635 1 1.34 2.074
1.3 6.843 0.2918 0.1911 0.6436 9896 0.1094 0.635 1 1.34 1.003
1.3 0.7792 0.01956 0.01956 0.7886 3 0.2446 0.635 1 1.34 1.017
1.3 0.7713 0.01345 0.01345 0.7768 1 0.2761 0.635 1 1.34 1.003
1.3 10.94 0.2885 0.185 0.5136 8568 0.1725 0.635 1 1.34 1.034
1.3 0.6594 0.02445 0.02445 0.317 7 0.4326 0.635 1 1.34 2.102
1.3 0.6649 0.01671 0.01671 0.3395 0 0.431 0.635 1 1.34 2.074
1.3 9.79 0.3007 0.1989 0.5582 7929 0.1789 0.635 1 1.34 1.029
1.3 0.6743 0.02526 0.02526 0.3201 7 0.4223 0.635 1 1.34 2.092
1.3 0.6649 0.01671 0.01671 0.3395 0 0.431 0.635 1 1.34 2.074
1.4 3.528 0.2963 0.1989 0.7484 2078 0.09828 0.5945 1 1.34 1.012
1.4 0.6153 0.02608 0.02608 0.2969 9 0.3948 0.5945 1 1.34 2.08
1.4 0.6227 0.01059 0.01059 0.3193 0 0.4065 0.5945 1 1.34 2.017
1.4 3.63 0.3036 0.1989 0.7514 7213 0.1059 0.5945 1 1.34 1
1.4 0.6153 0.02608 0.02608 0.2969 9 0.3948 0.5945 1 1.34 2.08
1.4 0.6227 0.01059 0.01059 0.3193 0 0.4065 0.5945 1 1.34 2.017
1.4 0.7649 0.0546 0.03871 0.6774 137 0.3723 0.5945 1 1.34 1.069
1.4 0.7249 0.01141 0.01141 0.7657 1 0.229 0.5945 1 1.34 0.9998
1.4 0.7183 0.01019 0.01019 0.7539 1 0.2427 0.5945 1 1.34 0.9996
1.4 6.374 0.2938 0.1923 0.6407 4879 0.1813 0.5945 1 1.34 1.019
1.4 0.6156 0.02404 0.02404 0.2994 7 0.3963 0.5954 1 1.34 2.083
1.4 0.6227 0.01059 0.01059 0.3193 0 0.4065 0.5945 1 1.34 2.017
1.4 6.354 0.302 0.1989 0.644 4787 0.1855 0.5945 1 1.34 1.033
1.4 0.6153 0.02608 0.02608 0.2969 9 0.3948 0.5945 1 1.34 2.08
1.4 0.6227 0.01059 0.01059 0.3193 0 0.4065 0.5945 1 1.34 2.017
1.5 2.44 0.2918 0.1984 0.7409 1343 0.08955 0.5589 1 1.34 1.023
1.5 0.5925 0.02531 0.02531 0.2844 7 0.3893 0.5589 1 1.34 2.081
1.5 0.5899 0.01633 0.01633 0.303 0 0.3848 0.5589 1 1.34 2.053
1.5 3.305 0.2971 0.1951 0.7395 6790 0.102 0.5589 1 1.34 1
1.5 0.5925 0.02531 0.02531 0.2844 7 0.3893 0.5589 1 1.34 2.081
1.5 0.5899 0.01633 0.01633 0.303 0 0.3848 0.5589 1 1.34 2.053
1.5 0.6317 0.0151 0.00898 0.5967 26 0.3949 0.5589 1 1.34 1.124
1.5 0.6795 0.0102 0.0102 0.7314 1 0.2366 0.5589 1 1.34 0.9994
1.5 0.6759 0.01061 0.01061 0.7274 0 0.2093 0.5589 1 1.34 0.9994
1.5 4.889 0.2755 0.1869 0.6337 3634 0.1785 0.5589 1 1.34 1.033
1.5 0.61 0.03184 0.03061 0.3032 8 0.3872 0.5589 1 1.34 2.012
1.5 0.5899 0.01633 0.01633 0.303 0 0.3848 0.5589 1 1.34 2.053
1.5 4.793 0.2963 0.1984 0.6389 3673 0.1743 0.5589 1 1.34 1.03
1.5 0.5925 0.02531 0.02531 0.2844 7 0.3893 0.5589 1 1.34 2.081
1.5 0.5899 0.01633 0.01633 0.303 0 0.3848 0.5589 1 1.34 2.053
1.6 0.5501 0.01922 0.01268 0.3891 30 0.2508 0.5185 1 1.34 1.591
1.6 0.5613 0.02536 0.02536 0.2829 6 0.3669 0.5185 1 1.34 2.022
1.6 0.5556 0.01677 0.01677 0.2975 0 0.3647 0.5174 1 1.34 1.939
1.6 0.7977 0.1153 0.07853 0.52 475 0.1766 0.5185 1 1.34 1.326
1.6 0.5613 0.02536 0.02536 0.2829 6 0.3669 0.5185 1 1.34 2.022
1.6 0.5556 0.01677 0.01677 0.2975 0 0.3647 0.5174 1 1.34 1.939
1.6 0.5912 0.006135 0.00409 0.6284 12 0.4257 0.5174 1 1.34 1.072
1.6 0.6269 0.006953 0.006953 0.6905 0 0.2367 0.5174 1 1.34 1
1.6 0.6282 0.009407 0.009407 0.6919 0 0.1801 0.5174 1 1.34 0.9977
1.6 2.435 0.2658 0.1816 0.6908 1763 0.1754 0.5174 1 1.34 1.012
1.6 0.5613 0.02536 0.02536 0.2829 6 0.3669 0.5185 1 1.34 2.022
1.6 0.5556 0.01677 0.01677 0.2975 0 0.3647 0.5174 1 1.34 1.939
1.6 0.7486 0.1174 0.09121 0.5225 308 0.219 0.5174 1 1.34 1.278
1.6 0.5613 0.02536 0.02536 0.2829 6 0.3669 0.5185 1 1.34 2.022
1.6 0.5556 0.01677 0.01677 0.2975 0 0.3647 0.5174 1 1.34 1.939
1.7 0.5312 0.01846 0.016 0.386 22 0.2372 0.4898 1 1.34 1.545
1.7 0.5454 0.03035 0.03035 0.2805 6 0.3535 0.4898 1 1.34 1.929
1.7 0.5154 0.01764 0.01764 0.2667 0 0.3201 0.4908 1 1.34 2.031
1.7 0.5375 0.02707 0.02338 0.4048 29 0.215 0.4898 1 1.34 1.463
1.7 0.5454 0.03035 0.03035 0.2805 6 0.3535 0.4898 1 1.34 1.929
1.7 0.5154 0.01764 0.01764 0.2667 0 0.3201 0.4908 1 1.34 2.031
1.7 0.5611 0.0008203 0 0.6995 7 0.4515 0.4898 1 1.34 1.034
1.7 0.5922 0.003692 0.003692 0.671 0 0.2322 0.4898 1 1.34 0.9968
1.7 0.5905 0.003281 0.003281 0.6732 0 0.1559 0.4898 1 1.34 0.9968
1.7 0.6621 0.07465 0.05742 0.4642 218 0.2213 0.4898 1 1.34 1.361
1.7 0.5487 0.03199 0.03199 0.2794 6 0.3508 0.4898 1 1.34 1.961
1.7 0.5154 0.01764 0.01764 0.2667 0 0.3201 0.4908 1 1.34 2.031
1.7 0.6844 0.1218 0.105 0.5414 258 0.1895 0.4898 1 1.34 1.237
1.7 0.5454 0.03035 0.03035 0.2805 6 0.3535 0.4898 1 1.34 1.929
1.7 0.5154 0.01764 0.01764 0.2667 0 0.3201 0.4908 1 1.34 2.031
