0.5 15.37 0.301 0.197 0.9986 8312 0.1 1.652 1 1.34 1
0.5 15.32 0.2998 0.1958 0.9993 8306 0.04586 1.652 1.07 1.34 1.096
0.5 1.413 0.02023 0.02023 0.5476 0 0.3978 1.652 1 1.34 2.717
0.5 15.55 0.301 0.197 0.9986 12437 0.09957 1.652 1 1.34 1
0.5 15.51 0.2998 0.1958 0.9993 12486 0.04525 1.652 1.07 1.34 1.093
0.5 1.413 0.02023 0.02023 0.5476 0 0.3978 1.652 1 1.34 2.717
0.5 1.415 0 0 0.9763 0 0.8206 1.652 1 1.34 1.579
0.5 2.284 0.08212 0.07241 0.9793 247 0.5027 1.652 1 1.34 1.685
0.5 1.727 0.04005 0.03681 0.965 8 0.6714 1.652 1 1.34 1.697
0.5 15.53 0.3014 0.1978 0.9961 10027 0.09961 1.652 1 1.34 1
0.5 14.41 0.267 0.1873 0.9983 8881 0.04367 1.652 1.102 1.34 1.023
0.5 13.24 0.2633 0.1853 0.9775 8483 0.1862 1.652 1 1.34 1.106
0.5 15.5 0.301 0.1982 0.9978 9377 0.1083 1.652 1 1.34 1
0.5 16.09 0.2913 0.1986 0.9983 9724 0.02178 1.652 1.057 1.34 1.011
0.5 13.09 0.2787 0.1865 0.9806 7807 0.1873 1.652 1 1.34 1.129
0.6 13.43 0.3019 0.1979 0.9996 7227 0.1002 1.402 1 1.34 1
0.6 13.37 0.2987 0.1954 0.9997 7207 0.04335 1.402 1.063 1.34 1.087
0.6 1.284 0.02072 0.02072 0.5261 0 0.3932 1.402 1 1.34 2.59
0.6 13.64 0.3023 0.1979 0.9996 11371 0.09972 1.402 1 1.34 1
0.6 13.54 0.2995 0.195 0.9997 11365 0.03984 1.402 1.064 1.34 1.081
0.6 1.284 0.02072 0.02072 0.5261 0 0.3932 1.402 1 1.34 2.59
0.6 1.343 0.001219 0.0008127 0.9836 2 0.8195 1.402 1 1.34 1.486
0.6 1.691 0.04429 0.04388 0.9558 5 0.5204 1.402 1 1.34 1.678
0.6 1.577 0.04185 0.04063 0.9515 7 0.5937 1.402 1 1.34 1.532
0.6 13.56 0.3031 0.1987 0.9975 8836 0.09963 1.402 1 1.34 1
0.6 13.95 0.2365 0.1861 0.9993 7533 0.06411 1.402 1.075 1.34 1.018
0.6 12.69 0.2597 0.1938 0.9802 8128 0.1492 1.402 1 1.34 1.081
0.6 13.52 0.3023 0.1987 0.9983 8269 0.1012 1.402 1 1.34 1
0.6 14.17 0.2946 0.1991 0.9993 8646 0.01745 1.402 1.037 1.34 1.008
0.6 12.07 0.2881 0.1906 0.9819 7328 0.1514 1.402 1 1.34 1.094
0.7 10.54 0.2983 0.1967 0.9988 5577 0.112 1.166 1 1.34 1
0.7 5.825 0.2251 0.1402 0.9315 2716 0.16 1.166 1.28 1.34 1.524
0.7 1.062 0.01829 0.01829 0.4448 0 0.3273 1.166 1 1.34 2.438
0.7 10.83 0.3011 0.1967 0.9988 9721 0.1101 1.166 1 1.34 1
0.7 6.017 0.2271 0.1402 0.9309 5199 0.1587 1.166 1.282 1.34 1.523
0.7 1.062 0.01829 0.01829 0.4448 0 0.3273 1.166 1 1.34 2.438
0.7 1.177 0.001219 0.001219 0.9804 1 0.7886 1.169 1 1.34 1.302
0.7 1.477 0.04592 0.04551 0.9281 5 0.3929 1.166 1 1.34 1.464
0.7 1.41 0.04104 0.04104 0.9344 5 0.542 1.166 1 1.34 1.389
0.7 10.69 0.3011 0.1975 0.997 7142 0.1117 1.166 1 1.34 1
0.7 9.294 0.2401 0.1829 0.9996 5303 0.07692 1.166 1.127 1.34 1.021
0.7 1.06 0.01869 0.01869 0.4486 0 0.3316 1.166 1 1.34 2.461
0.7 10.65 0.2999 0.1975 0.9976 6622 0.1169 1.166 1 1.34 1
0.7 11.66 0.2966 0.1991 0.9996 7247 0.02307 1.166 1.026 1.34 1.002
0.7 1.058 0.01829 0.01829 0.4488 0 0.3317 1.166 1 1.34 2.462
0.8 8.836 0.2995 0.1979 0.9996 4607 0.1005 1.036 1 1.34 1
0.8 8.429 0.2909 0.1906 0.9998 4340 0.04812 1.036 1.074 1.34 1.079
0.8 0.9409 0.01422 0.01422 0.4019 0 0.2895 1.041 1 1.34 2.429
0.8 9.158 0.3023 0.1979 0.9996 8755 0.09972 1.036 1 1.34 1
0.8 8.736 0.2938 0.1914 0.9999 8199 0.04199 1.036 1.074 1.34 1.059
0.8 0.9409 0.01422 0.01422 0.4019 0 0.2895 1.041 1 1.34 2.429
0.8 1.032 0 0 0.9762 1 0.7854 1.036 1 1.34 1.11
0.8 1.306 0.04023 0.04023 0.9137 3 0.2983 1.036 1 1.34 1.265
0.8 1.237 0.0386 0.03738 0.9251 5 0.4367 1.036 1 1.34 1.172
0.8 8.958 0.3003 0.1987 0.998 5866 0.09969 1.036 1 1.34 1
0.8 6.948 0.2328 0.1829 0.9998 4022 0.08388 1.036 1.084 1.34 1.007
0.8 0.9409 0.01422 0.01422 0.4019 0 0.2895 1.041 1 1.34 2.429
0.8 8.951 0.3015 0.1987 0.9986 5661 0.1014 1.036 1 1.34 1
0.8 9.53 0.2946 0.1987 0.9998 5517 0.02818 1.036 1.021 1.34 1.001
0.8 0.9409 0.01422 0.01422 0.4019 0 0.2895 1.041 1 1.34 2.429
0.9 6.897 0.2974 0.1979 0.9996 3481 0.09985 0.9314 1 1.34 1
0.9 3.722 0.2263 0.141 0.9404 1553 0.1415 0.9314 1.422 1.34 1.536
0.9 0.8824 0.01747 0.01747 0.3822 0 0.2719 0.9314 1 1.34 2.41
0.9 7.262 0.3023 0.1979 0.9996 7634 0.09972 0.9314 1 1.34 1
0.9 2.354 0.1849 0.1121 0.9189 2219 0.2433 0.9314 1.575 1.34 1.715
0.9 0.8824 0.01747 0.01747 0.3822 0 0.2719 0.9314 1 1.34 2.41
0.9 5.284 0.2247 0.1755 0.9977 2971 0.2256 0.9314 1 1.34 1.005
0.9 1.167 0.0321 0.0321 0.8935 1 0.2187 0.9314 1 1.34 1.122
0.9 1.093 0.02804 0.02804 0.9044 2 0.4201 0.9314 1 1.34 1.082
0.9 6.958 0.3031 0.1987 0.998 4547 0.09998 0.9314 1 1.34 1
0.9 8.323 0.2442 0.195 1 4730 0.03816 0.9314 1.035 1.34 1
0.9 0.8824 0.01747 0.01747 0.3822 0 0.2719 0.9314 1 1.34 2.41
0.9 7.056 0.2991 0.1987 0.9986 4564 0.1039 0.9314 1 1.34 1
0.9 7.215 0.2918 0.1946 0.9997 4634 0.01689 0.9314 1.016 1.34 1.001
0.9 0.8824 0.01747 0.01747 0.3822 0 0.2719 0.9314 1 1.34 2.41
1 0.7875 0.00447 0.004063 0.4928 4 0.2851 0.8213 1 1.34 1.729
1 0.9606 0.0321 0.01747 0.7529 35 0.4281 0.8249 2.216 1.34 2.488
1 0.8022 0.02235 0.02235 0.3569 0 0.2461 0.8213 1 1.34 2.348
1 0.8932 0.04754 0.02844 0.5543 117 0.2509 0.8213 1 1.34 1.715
1 0.9581 0.02641 0.01585 0.7141 28 0.4044 0.8213 2.161 1.34 2.497
1 0.8022 0.02235 0.02235 0.3569 0 0.2461 0.8213 1 1.34 2.348
1 0.862 0 0 0.9633 0 0.7445 0.8213 1 1.34 1.032
1 1.021 0.02479 0.02479 0.8657 2 0.1687 0.8213 1 1.34 1.041
1 0.9596 0.01788 0.01788 0.8853 2 0.3382 0.8213 1 1.34 1.006
1 4.34 0.2962 0.1954 0.9937 3086 0.1141 0.8213 1 1.34 1
1 5.436 0.2462 0.1889 0.999 3459 0.04609 0.8213 1.057 1.34 1.017
1 0.8022 0.02235 0.02235 0.3569 0 0.2461 0.8213 1 1.34 2.348
1 4.472 0.2946 0.1971 0.9963 3031 0.1208 0.8213 1 1.34 1.011
1 5.176 0.2991 0.1991 1 3458 0.008425 0.8213 1.013 1.34 1
1 0.8022 0.02235 0.02235 0.3569 0 0.2461 0.8213 1 1.34 2.348
1.1 0.7025 0 0 0.4333 0 0.2636 0.7547 1 1.34 1.749
1.1 0.9529 0.03373 0.02154 0.7266 25 0.3783 0.7547 2.099 1.34 2.341
1.1 0.7605 0.02275 0.02275 0.3478 0 0.2383 0.7585 1 1.34 2.246
1.1 0.7025 0 0 0.4333 0 0.2636 0.7547 1 1.34 1.749
1.1 0.9529 0.03332 0.02154 0.7263 25 0.3779 0.7547 2.102 1.34 2.345
1.1 0.7605 0.02275 0.02275 0.3478 0 0.2383 0.7585 1 1.34 2.246
1.1 0.804 0 0 0.9784 0 0.7241 0.7547 1 1.34 1.001
1.1 0.9335 0.02275 0.02275 0.84 2 0.1633 0.7547 1 1.34 1.027
1.1 0.9071 0.02154 0.02154 0.8478 1 0.2829 0.7547 1 1.34 1.002
1.1 2.194 0.2755 0.1849 0.9734 1738 0.1285 0.7547 1 1.34 1.008
1.1 2.731 0.2231 0.1694 0.9955 1935 0.104 0.7547 1.188 1.34 1.037
1.1 0.7605 0.02275 0.02275 0.3478 0 0.2383 0.7585 1 1.34 2.246
1.1 2.729 0.2926 0.1963 0.9951 2045 0.1215 0.7547 1 1.34 1.007
1.1 3.067 0.2905 0.195 0.9979 2199 0.01854 0.7547 1.011 1.34 1.012
1.1 0.7605 0.02275 0.02275 0.3478 0 0.2383 0.7585 1 1.34 2.246
1.2 0.6779 0 0 0.425 1 0.2699 0.7 1 1.34 1.684
1.2 0.855 0.02319 0.01627 0.637 15 0.347 0.6982 1.967 1.34 2.363
1.2 0.7056 0.024 0.024 0.3281 0 0.224 0.7 1 1.34 2.245
1.2 0.6779 0 0 0.425 1 0.2699 0.7 1 1.34 1.684
1.2 0.855 0.02319 0.01627 0.6373 15 0.3474 0.6982 1.967 1.34 2.36
1.2 0.7056 0.024 0.024 0.3281 0 0.224 0.7 1 1.34 2.245
1.2 0.7755 0 0 0.9772 0 0.721 0.7 1 1.34 1.001
1.2 0.8577 0.01505 0.01505 0.82 0 0.1274 0.6982 1 1.34 1.015
1.2 0.844 0.01668 0.01668 0.8245 0 0.2111 0.6982 1 1.34 1.006
1.2 1.38 0.1863 0.1387 0.8032 1015 0.1403 0.7 1 1.34 1.219
1.2 2.328 0.2531 0.1941 0.9981 1839 0.03053 0.6982 1.023 1.34 1.004
1.2 0.7056 0.024 0.024 0.3281 0 0.224 0.7 1 1.34 2.245
1.2 1.623 0.2596 0.1961 0.9839 1384 0.1782 0.6982 1 1.34 1.063
1.2 1.834 0.251 0.1949 0.989 1456 0.02519 0.6982 1.022 1.34 1.042
1.2 0.7056 0.024 0.024 0.3281 0 0.224 0.7 1 1.34 2.245
1.3 0.6149 0 0 0.3957 0 0.2217 0.6367 1 1.34 1.685
1.3 0.755 0.01671 0.01426 0.5829 6 0.3254 0.635 1.936 1.34 2.224
1.3 0.6006 0.01304 0.01304 0.2812 0 0.1891 0.635 1 1.34 2.151
1.3 0.6149 0 0 0.3957 0 0.2217 0.6367 1 1.34 1.685
1.3 0.755 0.01671 0.01426 0.5829 6 0.3254 0.635 1.936 1.34 2.224
1.3 0.6006 0.01304 0.01304 0.2812 0 0.1891 0.635 1 1.34 2.151
1.3 0.6932 0 0 0.9653 0 0.6999 0.635 1 1.34 1
1.3 0.7764 0.01222 0.01222 0.777 0 0.1065 0.635 1 1.34 1.012
1.3 0.7621 0.011 0.011 0.7855 1 0.1819 0.635 1 1.34 1.006
1.3 0.7485 0.05542 0.04442 0.5162 291 0.1926 0.6367 1 1.34 1.619
1.3 1.404 0.1752 0.1296 0.9285 1161 0.2183 0.635 1.504 1.34 1.199
1.3 0.6006 0.01304 0.01304 0.2812 0 0.1891 0.635 1 1.34 2.151
1.3 0.9211 0.1259 0.1051 0.667 575 0.1994 0.6367 1 1.34 1.457
1.3 1.234 0.1936 0.161 0.8936 942 0.09758 0.635 1.169 1.34 1.283
1.3 0.6006 0.01304 0.01304 0.2812 0 0.1891 0.635 1 1.34 2.151
1.4 0.5741 0 0 0.3674 0 0.2094 0.5945 1 1.34 1.693
1.4 0.7481 0.02526 0.01834 0.619 14 0.3249 0.5945 2.291 1.34 2.286
1.4 0.6247 0.03015 0.03015 0.296 0 0.1945 0.5945 1 1.34 2.166
1.4 0.5741 0 0 0.3674 0 0.2094 0.5945 1 1.34 1.693
1.4 0.7481 0.02526 0.01834 0.619 14 0.3249 0.5945 2.291 1.34 2.288
1.4 0.6247 0.03015 0.03015 0.296 0 0.1945 0.5945 1 1.34 2.166
1.4 0.6596 0 0 0.9725 0 0.7194 0.5945 1 1.34 1
1.4 0.7242 0.00978 0.00978 0.7559 0 0.09405 0.5945 1 1.34 1.001
1.4 0.7253 0.01304 0.01304 0.7689 0 0.141 0.5945 1 1.34 0.9997
1.4 0.7155 0.06031 0.0546 0.5205 306 0.1633 0.5945 1 1.34 1.5
1.4 1.191 0.1487 0.1068 0.8884 947 0.2423 0.5945 1.532 1.34 1.19
1.4 0.6247 0.03015 0.03015 0.296 0 0.1945 0.5945 1 1.34 2.166
1.4 0.8304 0.1161 0.1019 0.6443 508 0.209 0.5945 1 1.34 1.436
1.4 1.142 0.1879 0.1687 0.9012 830 0.09233 0.5945 1.223 1.34 1.223
1.4 0.6247 0.03015 0.03015 0.296 0 0.1945 0.5945 1 1.34 2.166
1.5 0.5546 0 0 0.3595 0 0.2066 0.5589 1 1.34 1.597
1.5 0.6849 0.02041 0.01551 0.5479 9 0.3025 0.5589 2.06 1.34 2.235
1.5 0.5865 0.0298 0.0298 0.2836 0 0.1834 0.5589 1 1.34 2.135
1.5 0.5546 0 0 0.3595 0 0.2066 0.5589 1 1.34 1.597
1.5 0.6849 0.02041 0.01551 0.549 9 0.3036 0.5589 2.058 1.34 2.232
1.5 0.5865 0.0298 0.0298 0.2836 0 0.1834 0.5589 1 1.34 2.135
1.5 0.6286 0 0 0.9416 0 0.6633 0.5589 1 1.34 1
1.5 0.6791 0.007755 0.007755 0.7252 0 0.08383 0.5589 1 1.34 0.9998
1.5 0.6788 0.00898 0.00898 0.7356 0 0.123 0.5589 1 1.34 0.9992
1.5 0.587 0.01102 0.009388 0.3952 53 0.1982 0.5589 1 1.34 1.547
1.5 1.046 0.1437 0.111 0.8124 787 0.1847 0.5589 1.538 1.34 1.4
1.5 0.5865 0.0298 0.0298 0.2836 0 0.1834 0.5589 1 1.34 2.135
1.5 0.5705 0.005306 0.005306 0.3844 13 0.2244 0.5589 1 1.34 1.576
1.5 1.02 0.1694 0.1551 0.8278 684 0.09098 0.5589 1.231 1.34 1.318
1.5 0.5865 0.0298 0.0298 0.2836 0 0.1834 0.5589 1 1.34 2.135
1.6 0.508 0 0 0.3304 0 0.1833 0.5174 1 1.34 1.671
1.6 0.6729 0.0229 0.02004 0.5627 6 0.2887 0.5183 2.144 1.34 2.075
1.6 0.5475 0.03027 0.03027 0.2693 0 0.1644 0.5174 1 1.34 2.161
1.6 0.508 0 0 0.3304 0 0.1833 0.5174 1 1.34 1.671
1.6 0.6729 0.0229 0.02004 0.5632 6 0.2892 0.5183 2.144 1.34 2.071
1.6 0.5475 0.03027 0.03027 0.2693 0 0.1644 0.5174 1 1.34 2.161
1.6 0.5816 0 0 0.9413 0 0.6553 0.5174 1 1.34 1
1.6 0.6269 0.005726 0.005726 0.684 0 0.07646 0.5174 1 1.34 0.9982
1.6 0.6261 0.006544 0.006544 0.6934 0 0.1013 0.5174 1 1.34 0.9977
1.6 0.5372 0.01145 0.01145 0.3792 68 0.1696 0.5174 1 1.34 1.618
1.6 0.8924 0.08548 0.06626 0.7321 578 0.2634 0.519 1.92 1.34 1.488
1.6 0.5475 0.03027 0.03027 0.2693 0 0.1644 0.5174 1 1.34 2.161
1.6 0.5389 0.01268 0.01227 0.3796 34 0.1958 0.5174 1 1.34 1.593
1.6 0.9961 0.1693 0.1591 0.8529 649 0.1016 0.5174 1.286 1.34 1.248
1.6 0.5475 0.03027 0.03027 0.2693 0 0.1644 0.5174 1 1.34 2.161
1.7 0.482 0 0 0.3373 0 0.1571 0.4898 1 1.34 1.671
1.7 0.6558 0.02379 0.01969 0.592 8 0.3208 0.4898 2.392 1.34 2.058
1.7 0.5298 0.03568 0.03568 0.2642 0 0.1647 0.4898 1 1.34 2.11
1.7 0.482 0 0 0.3373 0 0.1571 0.4898 1 1.34 1.671
1.7 0.6558 0.02379 0.01969 0.592 8 0.3208 0.4898 2.392 1.34 2.058
1.7 0.5298 0.03568 0.03568 0.2642 0 0.1647 0.4898 1 1.34 2.11
1.7 0.5601 0 0 0.9555 0 0.6255 0.4898 1 1.34 1
1.7 0.5912 0.002051 0.002051 0.6687 0 0.06982 0.4898 1 1.34 0.9968
1.7 0.5911 0.003692 0.003692 0.6757 0 0.09111 0.4898 1 1.34 0.9968
1.7 0.5056 0.01025 0.01025 0.3815 51 0.1615 0.4898 1 1.34 1.508
1.7 0.902 0.09475 0.0767 0.7332 628 0.2524 0.4898 1.981 1.34 1.427
1.7 0.5298 0.03568 0.03568 0.2642 0 0.1647 0.4898 1 1.34 2.11
1.7 0.5093 0.01559 0.01518 0.3919 33 0.1769 0.4898 1 1.34 1.538
1.7 0.8188 0.09721 0.08983 0.7269 413 0.2416 0.4913 1.783 1.34 1.607
1.7 0.5298 0.03568 0.03568 0.2642 0 0.1647 0.4898 1 1.34 2.11
