0.3 11.65 0.7669 0.1906 0.9995 4473 0.2059 1.704 1 1.2 2.011
0.3 13.19 0.7301 0.1845 1 9607 0.2564 1.704 1 1.2 1.118
0.3 11.01 0.705 0.1773 0.9963 4233 0.2123 1.704 1 1.2 2.092
0.4 9.85 0.7155 0.1821 0.9982 10100 0.2783 1.202 1 1.2 1.214
0.4 10.48 0.6961 0.1829 1 10900 0.2663 1.202 1 1.2 1.236
0.4 9.398 0.7038 0.1773 0.9926 9494 0.2713 1.202 1 1.2 1.281
0.5 2.232 0.3284 0.09984 0.9725 1196 0.2836 0.9873 1 1.2 1.796
0.5 7.997 0.7013 0.1838 1 8094 0.2618 0.9873 1 1.2 1.151
0.5 1.103 0.03504 0.03504 0.8814 9 0.2918 0.9873 1 1.2 2.274
0.6 0.9385 0.03545 0.03545 0.8259 11 0.2729 0.8368 1 1.2 2.071
0.6 1.057 0.03708 0.03708 0.8699 33 0.2704 0.8368 1 1.2 2.169
0.6 0.9196 0.0326 0.0326 0.7526 0 0.2727 0.8368 1 1.2 2.261
0.7 0.765 0.03219 0.03219 0.7073 1 0.2569 0.6969 1 1.2 2.043
0.7 0.8618 0.02852 0.02852 0.7469 18 0.2543 0.6969 1 1.2 2.13
0.7 0.7593 0.02852 0.02852 0.6471 0 0.2547 0.6969 1 1.2 2.205
0.8 0.6692 0.02526 0.02526 0.6119 0 0.2616 0.6197 1 1.2 2.076
0.8 0.7512 0.02119 0.02119 0.674 2 0.2595 0.6197 1 1.2 2.162
0.8 0.6769 0.02934 0.02934 0.5981 0 0.2585 0.6197 1 1.2 2.106
0.9 0.6115 0.03305 0.03305 0.5969 0 0.2542 0.5577 1 1.2 1.912
0.9 0.7018 0.02652 0.02652 0.6455 0 0.2536 0.5577 1 1.2 2.075
0.9 0.6052 0.02693 0.02693 0.5566 0 0.2554 0.5577 1 1.2 2.051
1 0.5459 0.03485 0.03485 0.5249 0 0.2407 0.5014 1 1.2 1.971
1 0.655 0.03172 0.03172 0.6053 7 0.2413 0.5014 1 1.2 2.033
1 0.5466 0.03262 0.03262 0.4882 0 0.2411 0.5014 1 1.2 2.113
