2.4 1.272 0.0217 0.0217 0.6245 0 0.2219 1.172 1.499 1.2 3.802 0
2.4 1.209 0.0635 0.0635 0.4464 0 0.795 1.175 1 1.2 2.834 0
2.5 1.24 0.0201 0.0201 0.6113 0 0.2174 1.116 1.471 1.2 3.728 0
2.5 1.128 0.05225 0.05225 0.413 0 0.7904 1.117 1 1.2 2.902 0
2.6 1.167 0.02452 0.02412 0.589 1 0.2096 1.077 1.533 1.2 3.729 0
2.6 1.108 0.05386 0.05386 0.4079 0 0.8018 1.077 1 1.2 2.888 0
2.7 1.122 0.01929 0.01929 0.5596 0 0.2065 1.041 1.51 1.2 3.751 0
2.7 1.039 0.05426 0.05426 0.3922 0 0.7922 1.041 1 1.2 2.859 0
2.8 1.086 0.01648 0.01648 0.5302 0 0.2064 0.9963 1.429 1.2 3.789 0
2.8 1.011 0.04461 0.04461 0.381 0 0.8001 0.9963 1 1.2 2.836 0
2.9 1.037 0.01648 0.01648 0.5251 0 0.2015 0.9653 1.552 1.2 3.755 0
2.9 0.977 0.0422 0.0422 0.3673 0 0.7903 0.9653 1 1.2 2.848 0
3 1.022 0.02251 0.02211 0.5151 0 0.2023 0.9362 1.478 1.2 3.705 0
3 0.9646 0.05145 0.05145 0.3616 0 0.7979 0.9362 1 1.2 2.864 0
3.1 0.9897 0.02532 0.02532 0.5124 0 0.1952 0.8999 1.508 1.2 3.59 0
3.1 0.9552 0.04984 0.04984 0.3614 0 0.8004 0.8999 1 1.2 2.808 0
3.2 0.9461 0.01688 0.01688 0.4899 0 0.1977 0.8746 1.563 1.2 3.675 0
3.2 0.9038 0.05346 0.05346 0.3477 0 0.7969 0.8746 1 1.2 2.818 0
3.3 0.9257 0.01407 0.01367 0.4721 0 0.1903 0.8506 1.594 1.2 3.777 0
3.3 0.8839 0.05506 0.05506 0.338 0 0.7959 0.8506 1 1.2 2.815 0
3.4 0.889 0.01648 0.01648 0.4649 0 0.1879 0.8206 1.604 1.2 3.699 0
3.4 0.8558 0.05788 0.05788 0.3278 0 0.7882 0.8206 1 1.2 2.817 0
3.5 0.8883 0.02251 0.02251 0.4692 0 0.1887 0.7994 1.55 1.2 3.548 0
3.5 0.8356 0.05265 0.05265 0.3239 0 0.7868 0.7994 1 1.2 2.786 0
3.6 0.8566 0.02251 0.02251 0.4574 0 0.1847 0.7793 1.628 1.2 3.635 0
3.6 0.8219 0.05426 0.05426 0.3242 0 0.7749 0.7793 1 1.2 2.731 0
