0.7 10.66 0.2974 0.1987 0.9988 5574 0.2533 1.167 1 1.2 1
0.7 10.98 0.2966 0.1979 1 5770 0.2518 1.167 1 1.2 1
0.7 1.284 0.05242 0.05242 0.6435 0 0.2701 1.167 1 1.2 1.998
0.8 8.692 0.2962 0.1987 0.9988 4453 0.2554 1.037 1 1.2 1
0.8 8.025 0.284 0.1918 1 4013 0.2601 1.037 1 1.2 1
0.8 1.105 0.0321 0.0321 0.5671 0 0.2681 1.037 1 1.2 1.965
0.9 6.725 0.295 0.1987 0.9988 3320 0.2508 0.9327 1 1.2 1
0.9 6.018 0.2836 0.1938 0.9994 2855 0.2515 0.9327 1 1.2 1
0.9 1.009 0.04267 0.04267 0.526 0 0.261 0.9327 1 1.2 1.926
1 4.21 0.295 0.1991 0.9988 1874 0.2453 0.8226 1 1.2 1
1 1.114 0.07599 0.07395 0.7343 29 0.2573 0.8226 1 1.2 1.504
1 0.9089 0.05933 0.05933 0.481 0 0.2525 0.8226 1 1.2 1.907
1.1 0.8193 0.04795 0.04795 0.5275 0 0.2355 0.7562 1 1.2 1.527
1.1 1.033 0.0703 0.06664 0.7071 26 0.2381 0.7562 1 1.2 1.418
1.1 0.8284 0.05282 0.05282 0.4457 0 0.2327 0.7562 1 1.2 1.885
1.2 0.7582 0.04841 0.04841 0.4882 0 0.2332 0.6997 1 1.2 1.54
1.2 0.8875 0.04801 0.04679 0.5738 10 0.2327 0.6997 1 1.2 1.643
1.2 0.7711 0.05655 0.05655 0.4234 0 0.2308 0.6997 1 1.2 1.852
1.3 0.6898 0.04808 0.04808 0.4482 0 0.2318 0.6364 1 1.2 1.576
1.3 0.8285 0.04768 0.04727 0.5548 5 0.2344 0.6364 1 1.2 1.609
1.3 0.7043 0.05868 0.05868 0.3902 0 0.2342 0.6364 1 1.2 1.826
1.4 0.642 0.04156 0.04156 0.4103 0 0.2247 0.5959 1 1.2 1.607
1.4 0.7869 0.05094 0.05094 0.5413 4 0.2243 0.5959 1 1.2 1.562
1.4 0.6456 0.0436 0.0436 0.3603 0 0.2249 0.5959 1 1.2 1.821
1.5 0.604 0.04694 0.04694 0.3969 0 0.2342 0.5603 1 1.2 1.564
1.5 0.7577 0.05469 0.05429 0.5339 3 0.2338 0.5603 1 1.2 1.521
1.5 0.6121 0.05184 0.05184 0.3485 0 0.2356 0.5603 1 1.2 1.797
1.6 0.5612 0.04458 0.04458 0.3734 0 0.2326 0.5188 1 1.2 1.533
1.6 0.7036 0.05317 0.05317 0.504 2 0.2313 0.5188 1 1.2 1.488
1.6 0.5675 0.05235 0.05235 0.328 0 0.2308 0.5188 1 1.2 1.764
