1 4.333 0.297 0.1991 0.9996 1994 0.1006 0.8213 1 1.06
1 4.71 0.2978 0.1991 0.9996 2184 0.0007732 0.8213 1 1.06
1 4.342 0.2966 0.1991 0.9996 1999 0.1009 0.8213 1 1.06
1 4.745 0.3035 0.1991 0.9996 6137 0.1 0.8213 1 1.06
1 5.106 0.3035 0.1991 0.9996 6371 0 0.8213 1 1.06
1 4.752 0.3035 0.1991 0.9996 6141 0.1 0.8213 1 1.06
1 4.647 0.2946 0.1991 0.9996 5475 0.1059 0.8213 1 1.06
1 5.006 0.2987 0.1991 0.9996 5663 0.0148 0.8213 1 1.06
1 4.701 0.2987 0.1991 0.9996 5746 0.1065 0.8213 1 1.06
1 4.362 0.3035 0.1991 0.9994 3190 0.1014 0.8213 1 1.06
1 5.436 0.2625 0.1991 0.9994 3532 0.01824 0.8213 1 1.06
1 5.104 0.2588 0.1991 0.9994 3449 0.117 0.8213 1 1.06
1 4.425 0.3007 0.1991 0.9994 3043 0.1006 0.8213 1 1.06
1 4.809 0.2991 0.1991 0.9994 3238 0.0004823 0.8213 1 1.06
1 4.473 0.2991 0.1991 0.9994 3070 0.1015 0.8213 1 1.06
1 4.15 0.2958 0.1991 0.9993 1883 0.1085 0.8213 1 1.2
1 2.597 0.2483 0.1711 0.941 920 0.1002 0.8213 1 1.2
1 0.8007 0.07883 0.07883 0.5342 0 0.3973 0.8222 0.9979 1.2
1 4.642 0.3019 0.1991 0.9993 5948 0.1027 0.8213 1 1.2
1 4.996 0.3019 0.1991 0.9993 6177 0.004148 0.8213 1 1.2
1 0.8017 0.08005 0.08005 0.5358 0 0.398 0.8222 0.9979 1.2
1 4.517 0.2954 0.1991 0.9993 5148 0.1079 0.8213 1 1.2
1 4.881 0.2958 0.1991 0.9993 5396 0.01796 0.8213 1 1.2
1 0.8017 0.08005 0.08005 0.5358 0 0.398 0.8222 0.9979 1.2
1 4.356 0.3023 0.1991 0.9974 3139 0.1031 0.8213 1 1.2
1 5.414 0.2568 0.1991 0.9982 3402 0.02104 0.8213 1 1.2
1 4.557 0.2483 0.1971 0.9844 2945 0.1383 0.8213 1 1.2
1 4.452 0.2999 0.1991 0.9982 3054 0.112 0.8213 1 1.2
1 4.775 0.2995 0.1991 0.9983 3212 0.006858 0.8213 1 1.2
1 4.352 0.2958 0.1991 0.9908 2966 0.1196 0.8213 1 1.2
1 0.7875 0.00447 0.004063 0.4928 4 0.2851 0.8213 0.9987 1.34
1 2.176 0.2174 0.1451 0.8909 669 0.09276 0.8213 0.9983 1.34
1 0.8022 0.02235 0.02235 0.3569 0 0.2461 0.8213 0.9965 1.34
1 0.8932 0.04754 0.02844 0.5543 117 0.2509 0.8213 0.9982 1.34
1 3.03 0.2361 0.1499 0.8909 3811 0.06624 0.8213 0.9983 1.34
1 0.8022 0.02235 0.02235 0.3569 0 0.2461 0.8213 0.9965 1.34
1 0.8932 0.04754 0.02844 0.5543 117 0.2509 0.8213 0.9982 1.34
1 2.994 0.2316 0.1499 0.8909 3497 0.08293 0.8213 0.9983 1.34
1 0.8022 0.02235 0.02235 0.3569 0 0.2461 0.8213 0.9965 1.34
1 4.34 0.2962 0.1954 0.9937 3086 0.1141 0.8213 1 1.34
1 4.31 0.2397 0.1833 0.9823 2772 0.0542 0.8213 1 1.34
1 0.8022 0.02235 0.02235 0.3569 0 0.2461 0.8213 0.9965 1.34
1 4.472 0.2946 0.1971 0.9963 3031 0.1208 0.8213 1 1.34
1 4.496 0.2926 0.1946 0.9926 3024 0.0254 0.8213 1 1.34
1 0.8022 0.02235 0.02235 0.3569 0 0.2461 0.8213 0.9965 1.34
1 0.8431 0.013 0.013 0.4889 6 0.2764 0.8226 0.9947 1.48
1 0.8495 0.01178 0.01178 0.4802 7 0.2388 0.8213 1 1.48
1 0.8268 0.01422 0.01422 0.3137 0 0.2029 0.825 0.9993 1.48
1 3.72 0.2698 0.1731 0.9593 4921 0.1249 0.8213 1 1.48
1 4.02 0.271 0.1743 0.9531 5109 0.02617 0.8213 1 1.48
1 0.8268 0.01422 0.01422 0.3137 0 0.2029 0.825 0.9993 1.48
1 3.643 0.2653 0.1731 0.9593 4361 0.1382 0.8213 1 1.48
1 3.954 0.2662 0.1743 0.9531 4616 0.04088 0.8213 1 1.48
1 0.8268 0.01422 0.01422 0.3137 0 0.2029 0.825 0.9993 1.48
1 3.535 0.271 0.178 0.9678 2448 0.1311 0.8213 1 1.48
1 2.587 0.1833 0.141 0.8633 1664 0.08342 0.8213 0.9995 1.48
1 0.8268 0.01422 0.01422 0.3137 0 0.2029 0.825 0.9993 1.48
1 4.58 0.2946 0.1959 0.9931 3020 0.1373 0.8213 1 1.48
1 4.613 0.2885 0.1926 0.9897 3087 0.02426 0.8213 1 1.48
1 0.8268 0.01422 0.01422 0.3137 0 0.2029 0.825 0.9993 1.48
1 0.8964 0.003251 0.002032 0.4486 2 0.2444 0.8213 0.9989 1.62
1 0.8156 0 0 0.3871 0 0.1746 0.8213 0.9955 1.62
1 0.8833 0.008939 0.008939 0.2786 0 0.177 0.8215 0.9942 1.62
1 0.8963 0.003657 0.002032 0.4486 3 0.2443 0.8213 0.9989 1.62
1 0.8156 0 0 0.3871 0 0.1746 0.8213 0.9955 1.62
1 0.8833 0.008939 0.008939 0.2786 0 0.177 0.8215 0.9942 1.62
1 0.8963 0.003657 0.002032 0.4486 3 0.2443 0.8213 0.9989 1.62
1 0.8156 0 0 0.3871 0 0.1746 0.8213 0.9955 1.62
1 0.8833 0.008939 0.008939 0.2786 0 0.177 0.8215 0.9942 1.62
1 3.7 0.2613 0.1755 0.9545 2367 0.1275 0.8213 1 1.62
1 3.431 0.1922 0.1512 0.8645 2187 0.04653 0.8213 0.9983 1.62
1 0.8833 0.008939 0.008939 0.2786 0 0.177 0.8215 0.9942 1.62
1 4.54 0.2913 0.1922 0.9888 3059 0.1402 0.8213 1 1.62
1 3.046 0.2357 0.152 0.8678 1974 0.0408 0.8213 0.9983 1.62
1 0.8833 0.008939 0.008939 0.2786 0 0.177 0.8215 0.9942 1.62
1 0.8966 0 0 0.3317 0 0.1732 0.8213 0.9979 1.76
1 0.8626 0 0 0.3806 0 0.1655 0.8213 0.9943 1.76
1 0.8689 0.002844 0.002844 0.2451 0 0.1423 0.8213 0.9994 1.76
1 0.8966 0 0 0.3317 0 0.1732 0.8213 0.9979 1.76
1 0.8626 0 0 0.3806 0 0.1655 0.8213 0.9943 1.76
1 0.8689 0.002844 0.002844 0.2451 0 0.1423 0.8213 0.9994 1.76
1 0.8966 0 0 0.3317 0 0.1732 0.8213 0.9979 1.76
1 0.8626 0 0 0.3806 0 0.1655 0.8213 0.9943 1.76
1 0.8689 0.002844 0.002844 0.2451 0 0.1423 0.8213 0.9994 1.76
1 2.897 0.2182 0.1499 0.8469 1757 0.1186 0.8213 0.9992 1.76
1 3.478 0.1975 0.1503 0.8606 2134 0.05755 0.8213 0.9983 1.76
1 0.8689 0.002844 0.002844 0.2451 0 0.1423 0.8213 0.9994 1.76
1 2.941 0.2361 0.1512 0.8472 1933 0.1317 0.8213 0.9992 1.76
1 2.74 0.2271 0.1495 0.8662 1771 0.05103 0.8213 0.9983 1.76
1 0.8689 0.002844 0.002844 0.2451 0 0.1423 0.8213 0.9994 1.76
1 0.9061 0.003251 0.003251 0.3071 0 0.1801 0.8213 0.9968 1.9
1 0.8608 0.002438 0.002438 0.341 0 0.1532 0.8213 0.9964 1.9
1 0.9207 0.004876 0.004876 0.2294 0 0.1276 0.8213 0.9962 1.9
1 0.9061 0.003251 0.003251 0.3071 0 0.1801 0.8213 0.9968 1.9
1 3.197 0.2349 0.1475 0.8628 3980 0.03691 0.8213 1 1.9
1 0.9207 0.004876 0.004876 0.2294 0 0.1276 0.8213 0.9962 1.9
1 0.9061 0.003251 0.003251 0.3071 0 0.1801 0.8213 0.9968 1.9
1 1.077 0.0321 0.007314 0.5155 234 0.1064 0.8213 0.9921 1.9
1 0.9207 0.004876 0.004876 0.2294 0 0.1276 0.8213 0.9962 1.9
1 0.9061 0.003251 0.003251 0.3071 0 0.1801 0.8213 0.9968 1.9
1 3.541 0.2097 0.1503 0.8642 2090 0.08592 0.8213 0.9983 1.9
1 0.9207 0.004876 0.004876 0.2294 0 0.1276 0.8213 0.9962 1.9
1 0.9061 0.003251 0.003251 0.3071 0 0.1801 0.8213 0.9968 1.9
1 0.8996 0.004063 0.004063 0.3648 17 0.1773 0.8213 0.9929 1.9
1 0.9207 0.004876 0.004876 0.2294 0 0.1276 0.8213 0.9962 1.9
1 0.9873 0 0 0.3194 0 0.1776 0.8213 0.9952 2.04
1 0.9383 0 0 0.3436 0 0.1492 0.8213 0.9982 2.04
1 0.9713 0.0008127 0.0008127 0.226 0 0.1249 0.8213 0.9962 2.04
1 0.9873 0 0 0.3194 0 0.1776 0.8213 0.9952 2.04
1 0.9383 0 0 0.3436 0 0.1492 0.8213 0.9982 2.04
1 0.9713 0.0008127 0.0008127 0.226 0 0.1249 0.8213 0.9962 2.04
1 0.9873 0 0 0.3194 0 0.1776 0.8213 0.9952 2.04
1 0.9383 0 0 0.3436 0 0.1492 0.8213 0.9982 2.04
1 0.9713 0.0008127 0.0008127 0.226 0 0.1249 0.8213 0.9962 2.04
1 0.9208 0 0 0.305 5 0.1581 0.8213 0.9999 2.04
1 4.312 0.2349 0.1662 0.9236 2570 0.06422 0.8213 1 2.04
1 0.9713 0.0008127 0.0008127 0.226 0 0.1249 0.8213 0.9962 2.04
1 0.9312 0 0 0.3104 5 0.1635 0.8213 0.9999 2.04
1 0.9328 0.0008127 0.0008127 0.3383 18 0.1505 0.8213 0.997 2.04
1 0.9713 0.0008127 0.0008127 0.226 0 0.1249 0.8213 0.9962 2.04
1 0.9789 0 0 0.2928 0 0.1414 0.8213 0.9984 2.18
1 0.9746 0.0004063 0 0.3439 3 0.1395 0.8213 0.9967 2.18
1 0.996 0.0008127 0.0008127 0.2221 0 0.1201 0.8213 0.9981 2.18
1 0.9789 0 0 0.2928 0 0.1414 0.8213 0.9984 2.18
1 1.046 0.01869 0.006095 0.422 97 0.1337 0.8213 0.9947 2.18
1 0.996 0.0008127 0.0008127 0.2221 0 0.1201 0.8213 0.9981 2.18
1 0.9789 0 0 0.2928 0 0.1414 0.8213 0.9984 2.18
1 0.9761 0.0008127 0.0004063 0.351 2 0.1427 0.8213 0.9967 2.18
1 0.996 0.0008127 0.0008127 0.2221 0 0.1201 0.8213 0.9981 2.18
1 2.556 0.1975 0.1382 0.8222 1504 0.1255 0.8213 1 2.18
1 1.044 0.02113 0.009346 0.4238 160 0.1683 0.8213 0.9926 2.18
1 0.996 0.0008127 0.0008127 0.2221 0 0.1201 0.8213 0.9981 2.18
1 2.453 0.2072 0.1357 0.8199 1496 0.1707 0.8213 1 2.18
1 0.9989 0.0004063 0.0004063 0.3349 12 0.1573 0.8213 0.9929 2.18
1 0.996 0.0008127 0.0008127 0.2221 0 0.1201 0.8213 0.9981 2.18
