1 15.63 0.2987 0.1991 0.4635 11342 0.1538 0.8213 1 1.34
1 5.423 0.2942 0.1979 0.9734 2857 0.01252 0.8213 1 1.34
1 0.8316 0.01747 0.01747 0.39 0 0.557 0.8222 0.9995 1.34
1 16.09 0.3035 0.1991 0.4505 18288 0.1677 0.8213 1 1.34
1 5.461 0.3023 0.1979 0.9905 6588 0.001766 0.8213 1 1.34
1 0.8316 0.01747 0.01747 0.39 0 0.557 0.8222 0.9995 1.34
1 16.09 0.3035 0.1991 0.4505 18288 0.1677 0.8213 1 1.34
1 5.45 0.2751 0.1979 0.9878 5475 0.01425 0.8213 1 1.34
1 0.8316 0.01747 0.01747 0.39 0 0.557 0.8222 0.9995 1.34
1 16.93 0.3157 0.1861 0.3929 13347 0.2358 0.8213 1 1.34
1 6.964 0.3279 0.1922 0.9431 4627 0.05925 0.8213 1 1.34
1 0.8316 0.01747 0.01747 0.39 0 0.557 0.8222 0.9995 1.34
1 16.83 0.2991 0.1991 0.4006 12732 0.2056 0.8213 1 1.34
1 8.315 0.245 0.1987 0.8766 4203 0.1388 0.8213 1 1.34
1 0.8316 0.01747 0.01747 0.39 0 0.557 0.8222 0.9995 1.34
