1 0.7875 0.00447 0.004063 0.4928 4 0.2851 0.8213 0.9987 1.34
1 2.176 0.2174 0.1451 0.8909 669 0.09276 0.8213 0.9983 1.34
1 0.8022 0.02235 0.02235 0.3569 0 0.2461 0.8213 0.9965 1.34
1 0.8932 0.04754 0.02844 0.5543 117 0.2509 0.8213 0.9982 1.34
1 3.03 0.2361 0.1499 0.8909 3811 0.06624 0.8213 0.9983 1.34
1 0.8022 0.02235 0.02235 0.3569 0 0.2461 0.8213 0.9965 1.34
1 0.8932 0.04754 0.02844 0.5543 117 0.2509 0.8213 0.9982 1.34
1 2.994 0.2316 0.1499 0.8909 3497 0.08293 0.8213 0.9983 1.34
1 0.8022 0.02235 0.02235 0.3569 0 0.2461 0.8213 0.9965 1.34
1 4.34 0.2962 0.1954 0.9937 3086 0.1141 0.8213 1 1.34
1 4.31 0.2397 0.1833 0.9823 2772 0.0542 0.8213 1 1.34
1 0.8022 0.02235 0.02235 0.3569 0 0.2461 0.8213 0.9965 1.34
1 4.472 0.2946 0.1971 0.9963 3031 0.1208 0.8213 1 1.34
1 4.496 0.2926 0.1946 0.9926 3024 0.0254 0.8213 1 1.34
1 0.8022 0.02235 0.02235 0.3569 0 0.2461 0.8213 0.9965 1.34
