1.8 1493 0.9404 0.1942 0.3568 24959 0.8687 0.9038 1 1.2 1 10095767 0.7077 0.2714 0.08188 0.9038 0.2991 0.1021
1.8 1493 0.9484 0.1849 0.3493 25316 0.8627 0.9038 1 1.2 1 11216368 0.706 0.2663 0.07825 0.9038 0.2991 0.1021
2.1 1493 0.9236 0.1902 0.3342 13879 0.8594 0.8113 1 1.2 1 6625326 0.705 0.2497 0.08174 0.8113 0.2574 0.08788
2.1 1493 0.9136 0.1748 0.3317 14144 0.8455 0.8113 1 1.2 1 6141810 0.7025 0.2478 0.08013 0.8113 0.2574 0.08788
2.5 1493 0.1005 0.1005 0.2977 931 0.7435 0.6868 1 1.2 0.9864 393942 0.6845 0.221 0.07449 0.6868 0.2168 0.07415
2.5 1493 0.355 0.08573 0.3268 1780 0.7269 0.6868 1.075 1.2 0.9915 376384 0.6805 0.22 0.0735 0.6868 0.2168 0.07415
3 1490 0.008725 0.008725 0.2478 34 0.5406 0.5708 1 1.2 0.9467 28106 0.5727 0.1839 0.06205 0.5708 0.1803 0.06177
3 1490 0.007383 0.007383 0.2492 33 0.5217 0.5708 1 1.2 0.9452 22341 0.5727 0.1839 0.06205 0.5708 0.1803 0.06177
3.4 1405 0.005694 0.005694 0.2182 9 0.4797 0.5038 1 1.2 0.9191 15325 0.5055 0.1612 0.05544 0.5038 0.158 0.05519
3.4 1405 0.003559 0.003559 0.2201 8 0.4492 0.5038 1.001 1.2 0.9187 11427 0.5055 0.1612 0.05544 0.5038 0.158 0.05519
4 1345 0 0 0.186 1 0.3859 0.4263 1 1.2 0.8792 4152 0.4278 0.1376 0.04707 0.4263 0.1348 0.04685
4 1345 0.0007435 0.0007435 0.186 1 0.3602 0.4263 1 1.2 0.8789 3648 0.4278 0.1376 0.04707 0.4263 0.1348 0.04685
