1.5 1493 0.7937 0.09578 0.6422 23312 0.8364 0.9447 1 1.2 1.022 486126 0.8135 0.1153 0.1733 0.9447 0.118 0.1676
1.5 1493 0.7924 0.09645 0.8192 22763 0.8373 0.9447 1.057 1.2 1.02 420778 0.8151 0.1138 0.1726 0.9447 0.118 0.1676
1.6 1493 0.7274 0.04622 0.6008 21453 0.8354 0.9361 1 1.2 1.036 355720 0.7962 0.1091 0.1636 0.9361 0.1131 0.1606
1.6 1493 0.7401 0.06296 0.8118 21046 0.8364 0.9361 1.083 1.2 1.039 307362 0.7959 0.1073 0.1629 0.9361 0.1131 0.1606
1.7 1493 0.6926 0.02679 0.5765 16614 0.8338 0.9201 1 1.2 0.9935 256512 0.793 0.1015 0.1529 0.9201 0.1069 0.1522
1.7 1493 0.712 0.04086 0.8077 17092 0.8349 0.9201 1.093 1.2 1.022 223006 0.7882 0.1003 0.1525 0.9201 0.1069 0.1522
1.8 1493 0.6765 0.01875 0.5476 13936 0.832 0.9038 1 1.2 0.9908 194798 0.7835 0.09634 0.1452 0.9038 0.102 0.1458
1.8 1493 0.6919 0.03349 0.7904 13973 0.8309 0.9038 1.109 1.2 0.9923 165870 0.7816 0.09527 0.1448 0.9038 0.102 0.1458
1.9 1493 0.6785 0.01474 0.5093 11687 0.8268 0.8733 1 1.2 1.013 141144 0.7685 0.09125 0.137 0.8733 0.09648 0.138
1.9 1493 0.6792 0.02076 0.7544 11198 0.8314 0.8733 1.151 1.2 1.019 141359 0.7689 0.08973 0.1365 0.8733 0.09648 0.138
2 1493 0.6651 0.009377 0.4844 8200 0.823 0.8418 1 1.2 0.9978 105476 0.7612 0.0863 0.1296 0.8418 0.09159 0.131
2 1493 0.6504 0.01407 0.7368 7650 0.8278 0.8418 1.178 1.2 0.9856 105285 0.7617 0.08479 0.1291 0.8418 0.09159 0.131
2.1 1493 0.6524 0.01072 0.4639 5568 0.8203 0.8113 1 1.2 0.995 84770 0.7543 0.08262 0.1241 0.8113 0.08774 0.1255
2.1 1493 0.6537 0.01206 0.7084 5586 0.821 0.8113 1.216 1.2 0.9946 93149 0.7523 0.08145 0.1237 0.8113 0.08774 0.1255
2.2 1493 0.4354 0.008038 0.4437 2164 0.8181 0.7745 1 1.2 0.9862 58722 0.7475 0.07846 0.118 0.7745 0.08351 0.1196
2.2 1493 0.4548 0.01139 0.6862 2250 0.8183 0.7745 1.241 1.2 0.9853 69349 0.7451 0.07728 0.1173 0.7745 0.08351 0.1196
2.3 1493 0.05425 0.004689 0.4103 977 0.8072 0.7457 1 1.2 1.015 24995 0.7304 0.07616 0.1136 0.7457 0.08026 0.115
2.3 1493 0.07569 0.003349 0.6381 1060 0.8064 0.7457 1.281 1.2 1.016 28275 0.7276 0.07454 0.1129 0.7457 0.08026 0.115
2.4 1493 0.004019 0.004019 0.3799 343 0.7867 0.7126 1 1.2 1.05 4058 0.7042 0.07322 0.1087 0.7126 0.07667 0.1099
2.4 1493 0.00134 0.00134 0.5743 379 0.7839 0.7126 1.323 1.2 1.115 11109 0.7015 0.07149 0.108 0.7126 0.07667 0.1099
2.5 1493 0.006028 0.006028 0.3476 196 0.7659 0.6868 1 1.2 1.119 1048 0.6821 0.07121 0.105 0.6868 0.0739 0.1059
2.5 1493 0.00134 0.00134 0.5632 164 0.7668 0.6868 1.381 1.2 1.093 5398 0.6778 0.06864 0.104 0.6868 0.0739 0.1059
2.6 1493 0.01072 0.01072 0.3159 138 0.7497 0.6582 1 1.2 1.169 278 0.6555 0.06933 0.101 0.6582 0.07084 0.1015
2.6 1493 0.002009 0.002009 0.505 124 0.7411 0.6582 1.399 1.2 1.177 1991 0.6502 0.06615 0.09984 0.6582 0.07084 0.1015
2.7 1493 0.009377 0.009377 0.2977 80 0.7262 0.6361 1 1.2 1.192 240 0.6338 0.06713 0.09764 0.6361 0.06846 0.09812
2.7 1493 0.00134 0.00134 0.5015 66 0.7217 0.6361 1.448 1.2 1.149 335 0.6275 0.06339 0.09631 0.6361 0.06846 0.09812
2.8 1490 0.01074 0.01074 0.2849 49 0.7081 0.6113 1 1.2 1.201 224 0.6093 0.06467 0.09406 0.6113 0.06584 0.09448
2.8 1490 0.001342 0.001342 0.4474 42 0.7058 0.6113 1.475 1.2 1.228 233 0.6034 0.06112 0.09279 0.6113 0.06584 0.09448
2.9 1490 0.01275 0.01275 0.2684 36 0.6934 0.5922 1 1.2 1.244 181 0.5911 0.06316 0.09131 0.5922 0.06378 0.09154
2.9 1490 0 0 0.4323 31 0.6885 0.5922 1.518 1.2 1.247 207 0.5842 0.05903 0.08983 0.5922 0.06378 0.09154
3 1490 0.01342 0.01342 0.2593 21 0.6858 0.5708 1 1.2 1.223 158 0.5696 0.06077 0.08798 0.5708 0.06148 0.08824
3 1490 0 0 0.4317 19 0.6723 0.5708 1.523 1.2 1.188 226 0.563 0.05684 0.08657 0.5708 0.06148 0.08824
